k_B = 1.386488E-23;
h = 6.62606957E-34;
hbar = h/(2*pi);
amu = 1.660538921E-27;
c = 299792458;
u_B = 927.400968E-26;
a_0 = .529177e-10;